255 255 255 255 255 255 255 255 255 255 255 255 255 255 255 255
255 253 231 231 231 231 231 231 231 231 231 231 231 231 253 255
255 231   6  40  40  40  40  40  40  40  40  40  40   6 231 255
255 231  40 255 255 255 255 255 255 255 255 255 255  40 231 255
255 231  40 255 255 255 255 255 255 255 255 255 255  40 231 255
255 231  40 255 255 255 255 255 255 255 255 255 255  40 231 255
255 231  40 255 255 255 255 255 255 255 255 255 255  40 231 255
255 231  40 255 255 255 206 191 252 214 233 255 255  40 231 255
255 231  40 255 255 255 206 191 248 211 233 255 255  40 231 255
255 231  40 255 255 255 255 255 252 253 255 255 255  40 231 255
255 231  40 255 255 255 255 255 255 255 255 255 255  40 231 255
255 231  40 255 255 255 255 255 255 255 255 255 255  40 231 255
255 231  40 255 255 255 255 255 255 255 255 255 255  40 231 255
255 231   6  40  40  40  40  40  40  40  40  40  40   6 231 255
255 253 231 231 231 231 231 231 231 231 231 231 231 231 253 255
255 255 255 255 255 255 255 255 255 255 255 255 255 255 255 255
255 255 255 255 255 255 255 255 255 255 255 255 255 255 255 255
255 253 231 231 231 231 231 231 231 231 231 231 231 231 253 255
255 231   6  40  40  40  40  40  40  40  40  40  40   6 231 255
255 231  40 255 255 255 255 255 255 255 255 255 255  40 231 255
255 231  40 255 255 255 255 255 255 255 255 255 255  40 231 255
255 231  40 255 255 255 255 255 255 255 255 255 255  40 231 255
255 231  40 255 255 255 255 255 255 255 255 255 255  40 231 255
255 231  40 255 255 255 206 191 252 214 233 255 255  40 231 255
255 231  40 255 255 255 206 191 248 211 233 255 255  40 231 255
255 231  40 255 255 255 255 255 252 253 255 255 255  40 231 255
255 231  40 255 255 255 255 255 255 255 255 255 255  40 231 255
255 231  40 255 255 255 255 255 255 255 255 255 255  40 231 255
255 231  40 255 255 255 255 255 255 255 255 255 255  40 231 255
255 231   6  40  40  40  40  40  40  40  40  40  40   6 231 255
255 253 231 231 231 231 231 231 231 231 231 231 231 231 253 255
255 255 255 255 255 255 255 255 255 255 255 255 255 255 255 255
255 255 255 255 255 255 255 255 255 255 255 255 255 255 255 255
255 253 231 231 231 231 231 231 231 231 231 231 231 231 253 255
255 231   6  40  40  40  40  40  40  40  40  40  40   6 231 255
255 231  40 255 255 255 255 255 255 255 255 255 255  40 231 255
255 231  40 255 255 255 255 255 255 255 255 255 255  40 231 255
255 231  40 255 255 255 255 255 255 255 255 255 255  40 231 255
255 231  40 255 255 255 255 255 255 255 255 255 255  40 231 255
255 231  40 255 255 255 206 191 252 214 233 255 255  40 231 255
255 231  40 255 255 255 206 191 248 211 233 255 255  40 231 255
255 231  40 255 255 255 255 255 252 253 255 255 255  40 231 255
255 231  40 255 255 255 255 255 255 255 255 255 255  40 231 255
255 231  40 255 255 255 255 255 255 255 255 255 255  40 231 255
255 231  40 255 255 255 255 255 255 255 255 255 255  40 231 255
255 231   6  40  40  40  40  40  40  40  40  40  40   6 231 255
255 253 231 231 231 231 231 231 231 231 231 231 231 231 253 255
255 255 255 255 255 255 255 255 255 255 255 255 255 255 255 255

255 255 255 255 255 255 255 255 255 255 255 255 255 255 255 255
255 253 231 231 231 231 231 231 231 231 231 231 231 231 253 255
255 231   6  40  40  40  40  40  40  40  40  40  40   6 231 255
255 231  40 255 255 255 255 255 255 255 255 255 255  40 231 255
255 231  40 255 255 255 255 255 255 255 255 255 255  40 231 255
255 231  40 255 255 255 255 233 233 255 255 255 255  40 231 255
255 231  40 255 255 255 255 214 211 253 255 255 255  40 231 255
255 231  40 255 255 255 255 252 248 252 255 255 255  40 231 255
255 231  40 255 255 255 255 191 191 255 255 255 255  40 231 255
255 231  40 255 255 255 255 206 206 255 255 255 255  40 231 255
255 231  40 255 255 255 255 255 255 255 255 255 255  40 231 255
255 231  40 255 255 255 255 255 255 255 255 255 255  40 231 255
255 231  40 255 255 255 255 255 255 255 255 255 255  40 231 255
255 231   6  40  40  40  40  40  40  40  40  40  40   6 231 255
255 253 231 231 231 231 231 231 231 231 231 231 231 231 253 255
255 255 255 255 255 255 255 255 255 255 255 255 255 255 255 255
255 255 255 255 255 255 255 255 255 255 255 255 255 255 255 255
255 253 231 231 231 231 231 231 231 231 231 231 231 231 253 255
255 231   6  40  40  40  40  40  40  40  40  40  40   6 231 255
255 231  40 255 255 255 255 255 255 255 255 255 255  40 231 255
255 231  40 255 255 255 255 255 255 255 255 255 255  40 231 255
255 231  40 255 255 255 255 233 233 255 255 255 255  40 231 255
255 231  40 255 255 255 255 214 211 253 255 255 255  40 231 255
255 231  40 255 255 255 255 252 248 252 255 255 255  40 231 255
255 231  40 255 255 255 255 191 191 255 255 255 255  40 231 255
255 231  40 255 255 255 255 206 206 255 255 255 255  40 231 255
255 231  40 255 255 255 255 255 255 255 255 255 255  40 231 255
255 231  40 255 255 255 255 255 255 255 255 255 255  40 231 255
255 231  40 255 255 255 255 255 255 255 255 255 255  40 231 255
255 231   6  40  40  40  40  40  40  40  40  40  40   6 231 255
255 253 231 231 231 231 231 231 231 231 231 231 231 231 253 255
255 255 255 255 255 255 255 255 255 255 255 255 255 255 255 255
255 255 255 255 255 255 255 255 255 255 255 255 255 255 255 255
255 253 231 231 231 231 231 231 231 231 231 231 231 231 253 255
255 231   6  40  40  40  40  40  40  40  40  40  40   6 231 255
255 231  40 255 255 255 255 255 255 255 255 255 255  40 231 255
255 231  40 255 255 255 255 255 255 255 255 255 255  40 231 255
255 231  40 255 255 255 255 233 233 255 255 255 255  40 231 255
255 231  40 255 255 255 255 214 211 253 255 255 255  40 231 255
255 231  40 255 255 255 255 252 248 252 255 255 255  40 231 255
255 231  40 255 255 255 255 191 191 255 255 255 255  40 231 255
255 231  40 255 255 255 255 206 206 255 255 255 255  40 231 255
255 231  40 255 255 255 255 255 255 255 255 255 255  40 231 255
255 231  40 255 255 255 255 255 255 255 255 255 255  40 231 255
255 231  40 255 255 255 255 255 255 255 255 255 255  40 231 255
255 231   6  40  40  40  40  40  40  40  40  40  40   6 231 255
255 253 231 231 231 231 231 231 231 231 231 231 231 231 253 255
255 255 255 255 255 255 255 255 255 255 255 255 255 255 255 255

254 253 250 250 250 250 250 250 250 250 250 250 250 250 253 255
253 214 154 157 157 157 157 157 157 157 157 157 157 154 218 255
250 154  17  68  68  68  68  68  68  68  68  68  68  14 165 255
250 157  68 255 255 255 255 255 255 255 255 255 255  53 166 255
250 157  68 255 255 255 255 255 255 255 255 255 255  53 166 255
250 157  68 255 255 255 255 255 255 255 255 255 255  53 166 255
250 157  68 255 254 250 243 236 241 246 252 254 255  53 166 255
250 157  68 255 247 214 185 182 188 200 230 251 255  53 166 255
250 157  68 255 249 224 206 209 209 207 232 252 255  53 166 255
250 157  68 255 255 255 255 255 255 249 252 254 255  53 166 255
250 157  68 255 255 255 255 255 255 255 255 255 255  53 166 255
250 157  68 255 255 255 255 255 255 255 255 255 255  53 166 255
250 157  68 255 255 255 255 255 255 255 255 255 255  53 166 255
250 154  14  53  53  53  53  53  53  53  53  53  53  10 165 255
253 218 165 166 166 166 166 166 166 166 166 166 166 165 222 255
255 255 255 255 255 255 255 255 255 255 255 255 255 255 255 255
254 253 250 250 250 250 250 250 250 250 250 250 250 250 253 255
253 214 154 157 157 157 157 157 157 157 157 157 157 154 218 255
250 154  17  68  68  68  68  68  68  68  68  68  68  14 165 255
250 157  68 255 255 255 255 255 255 255 255 255 255  53 166 255
250 157  68 255 255 255 255 255 255 255 255 255 255  53 166 255
250 157  68 255 255 255 255 255 255 255 255 255 255  53 166 255
250 157  68 255 254 250 243 236 241 246 252 254 255  53 166 255
250 157  68 255 247 214 185 182 188 200 230 251 255  53 166 255
250 157  68 255 249 224 206 209 209 207 232 252 255  53 166 255
250 157  68 255 255 255 255 255 255 249 252 254 255  53 166 255
250 157  68 255 255 255 255 255 255 255 255 255 255  53 166 255
250 157  68 255 255 255 255 255 255 255 255 255 255  53 166 255
250 157  68 255 255 255 255 255 255 255 255 255 255  53 166 255
250 154  14  53  53  53  53  53  53  53  53  53  53  10 165 255
253 218 165 166 166 166 166 166 166 166 166 166 166 165 222 255
255 255 255 255 255 255 255 255 255 255 255 255 255 255 255 255
254 253 250 250 250 250 250 250 250 250 250 250 250 250 253 255
253 214 154 157 157 157 157 157 157 157 157 157 157 154 218 255
250 154  17  68  68  68  68  68  68  68  68  68  68  14 165 255
250 157  68 255 255 255 255 255 255 255 255 255 255  53 166 255
250 157  68 255 255 255 255 255 255 255 255 255 255  53 166 255
250 157  68 255 255 255 255 255 255 255 255 255 255  53 166 255
250 157  68 255 254 250 243 236 241 246 252 254 255  53 166 255
250 157  68 255 247 214 185 182 188 200 230 251 255  53 166 255
250 157  68 255 249 224 206 209 209 207 232 252 255  53 166 255
250 157  68 255 255 255 255 255 255 249 252 254 255  53 166 255
250 157  68 255 255 255 255 255 255 255 255 255 255  53 166 255
250 157  68 255 255 255 255 255 255 255 255 255 255  53 166 255
250 157  68 255 255 255 255 255 255 255 255 255 255  53 166 255
250 154  14  53  53  53  53  53  53  53  53  53  53  10 165 255
253 218 165 166 166 166 166 166 166 166 166 166 166 165 222 255
255 255 255 255 255 255 255 255 255 255 255 255 255 255 255 255

255 254 253 253 253 253 253 253 253 253 253 253 253 253 254 255
254 219 160 162 162 162 162 162 162 162 162 162 162 160 219 254
253 160  14  61  61  61  61  61  61  61  61  61  61  14 160 253
253 162  61 255 255 255 255 255 255 255 255 255 255  61 162 253
253 162  61 255 255 255 255 252 252 255 255 255 255  61 162 253
253 162  61 255 255 255 252 231 230 252 255 255 255  61 162 253
253 162  61 255 255 255 247 202 205 249 255 255 255  61 162 253
253 162  61 255 255 255 242 190 207 255 255 255 255  61 162 253
253 162  61 255 255 255 238 184 206 255 255 255 255  61 162 253
253 162  61 255 255 255 244 188 202 255 255 255 255  61 162 253
253 162  61 255 255 255 251 218 223 255 255 255 255  61 162 253
253 162  61 255 255 255 254 249 250 255 255 255 255  61 162 253
253 162  61 255 255 255 255 255 255 255 255 255 255  61 162 253
253 160  14  61  61  61  61  61  61  61  61  61  61  14 160 253
254 219 160 162 162 162 162 162 162 162 162 162 162 160 219 254
255 254 253 253 253 253 253 253 253 253 253 253 253 253 254 255
255 254 253 253 253 253 253 253 253 253 253 253 253 253 254 255
254 219 160 162 162 162 162 162 162 162 162 162 162 160 219 254
253 160  14  61  61  61  61  61  61  61  61  61  61  14 160 253
253 162  61 255 255 255 255 255 255 255 255 255 255  61 162 253
253 162  61 255 255 255 255 252 252 255 255 255 255  61 162 253
253 162  61 255 255 255 252 231 230 252 255 255 255  61 162 253
253 162  61 255 255 255 247 202 205 249 255 255 255  61 162 253
253 162  61 255 255 255 242 190 207 255 255 255 255  61 162 253
253 162  61 255 255 255 238 184 206 255 255 255 255  61 162 253
253 162  61 255 255 255 244 188 202 255 255 255 255  61 162 253
253 162  61 255 255 255 251 218 223 255 255 255 255  61 162 253
253 162  61 255 255 255 254 249 250 255 255 255 255  61 162 253
253 162  61 255 255 255 255 255 255 255 255 255 255  61 162 253
253 160  14  61  61  61  61  61  61  61  61  61  61  14 160 253
254 219 160 162 162 162 162 162 162 162 162 162 162 160 219 254
255 254 253 253 253 253 253 253 253 253 253 253 253 253 254 255
255 254 253 253 253 253 253 253 253 253 253 253 253 253 254 255
254 219 160 162 162 162 162 162 162 162 162 162 162 160 219 254
253 160  14  61  61  61  61  61  61  61  61  61  61  14 160 253
253 162  61 255 255 255 255 255 255 255 255 255 255  61 162 253
253 162  61 255 255 255 255 252 252 255 255 255 255  61 162 253
253 162  61 255 255 255 252 231 230 252 255 255 255  61 162 253
253 162  61 255 255 255 247 202 205 249 255 255 255  61 162 253
253 162  61 255 255 255 242 190 207 255 255 255 255  61 162 253
253 162  61 255 255 255 238 184 206 255 255 255 255  61 162 253
253 162  61 255 255 255 244 188 202 255 255 255 255  61 162 253
253 162  61 255 255 255 251 218 223 255 255 255 255  61 162 253
253 162  61 255 255 255 254 249 250 255 255 255 255  61 162 253
253 162  61 255 255 255 255 255 255 255 255 255 255  61 162 253
253 160  14  61  61  61  61  61  61  61  61  61  61  14 160 253
254 219 160 162 162 162 162 162 162 162 162 162 162 160 219 254
255 254 253 253 253 253 253 253 253 253 253 253 253 253 254 255
